[
    {
        "image0": null,
        "image1": null,
        "T_0to1": [
            [
                0.9997451901435852,
                -0.018931642174720764,
                0.012295636348426342,
                -0.26584458351135254
            ],
            [
                0.018791021779179573,
                0.9997578263282776,
                0.011453262530267239,
                -0.19925256073474884
            ],
            [
                -0.012509487569332123,
                -0.011219295673072338,
                0.9998587965965271,
                -0.8746681809425354
            ],
            [
                0.0,
                0.0,
                0.0,
                1.0
            ]
        ],
        "T_1to0": [
            [
                0.9997451305389404,
                0.018791021779179573,
                -0.012509488500654697,
                0.2585793435573578
            ],
            [
                -0.018931644037365913,
                0.9997578859329224,
                -0.011219296604394913,
                0.18435828387737274
            ],
            [
                0.012295636348426342,
                0.011453263461589813,
                0.9998588562011719,
                0.8800955414772034
            ],
            [
                0.0,
                0.0,
                0.0,
                1.0
            ]
        ],
        "K0": [
            [
                2161.10009765625,
                0.0,
                635.5
            ],
            [
                0.0,
                2161.10009765625,
                476.5
            ],
            [
                0.0,
                0.0,
                1.0
            ]
        ],
        "K1": [
            [
                1548.3299560546875,
                0.0,
                800.0
            ],
            [
                0.0,
                1548.1199951171875,
                587.0
            ],
            [
                0.0,
                0.0,
                1.0
            ]
        ],
        "scale0": [
            1.0734797716140747,
            1.0636160373687744
        ],
        "scale1": [
            1.3513513803482056,
            1.358796238899231
        ],
        "dataset_name": "MegaDepth",
        "scene_id": "0015_0",
        "pair_id": 0,
        "pair_names": [
            "Undistorted_SfM/0015/images/205993922_4ad25ed386_o.jpg",
            "Undistorted_SfM/0015/images/2912685234_7c4c21ee78_o.jpg"
        ],
        "size0_hw": [
            896,
            1184
        ],
        "size1_hw": [
            864,
            1184
        ]
    },
    {
        "image0": null,
        "image1": null,
        "T_0to1": [
            [
                0.9940419793128967,
                -0.04175099730491638,
                -0.10068481415510178,
                0.8637157678604126
            ],
            [
                0.02977147325873375,
                0.9926056861877441,
                -0.11767597496509552,
                0.12315624207258224
            ],
            [
                0.10485340654850006,
                0.11397732049226761,
                0.9879347085952759,
                0.7547109127044678
            ],
            [
                0.0,
                0.0,
                0.0,
                1.0
            ]
        ],
        "T_1to0": [
            [
                0.9940419793128967,
                0.02977146953344345,
                0.10485340654850006,
                -0.9413702487945557
            ],
            [
                -0.04175099357962608,
                0.9926056265830994,
                0.11397732049226761,
                -0.17220452427864075
            ],
            [
                -0.10068481415510178,
                -0.11767596751451492,
                0.9879347085952759,
                -0.6441495418548584
            ],
            [
                0.0,
                0.0,
                0.0,
                1.0
            ]
        ],
        "K0": [
            [
                1308.6099853515625,
                0.0,
                800.0
            ],
            [
                0.0,
                1308.260009765625,
                591.0
            ],
            [
                0.0,
                0.0,
                1.0
            ]
        ],
        "K1": [
            [
                2014.5699462890625,
                0.0,
                648.5
            ],
            [
                0.0,
                2014.5699462890625,
                483.0
            ],
            [
                0.0,
                0.0,
                1.0
            ]
        ],
        "scale0": [
            1.3513513803482056,
            1.3680555820465088
        ],
        "scale1": [
            1.0954391956329346,
            1.1180555820465088
        ],
        "dataset_name": "MegaDepth",
        "scene_id": "0015_0",
        "pair_id": 1,
        "pair_names": [
            "Undistorted_SfM/0015/images/3602433917_f463ce87ae_o.jpg",
            "Undistorted_SfM/0015/images/513784629_a73e267b94_o.jpg"
        ],
        "size0_hw": [
            864,
            1184
        ],
        "size1_hw": [
            864,
            1184
        ]
    },
    {
        "image0": null,
        "image1": null,
        "T_0to1": [
            [
                0.9999957084655762,
                -0.001727886265143752,
                -0.0023690429516136646,
                0.12964129447937012
            ],
            [
                0.0017408413114026189,
                0.9999834895133972,
                0.005477359052747488,
                -0.3312472999095917
            ],
            [
                0.0023595397360622883,
                -0.00548145966604352,
                0.9999821782112122,
                -1.5995396375656128
            ],
            [
                0.0,
                0.0,
                0.0,
                1.0
            ]
        ],
        "T_1to0": [
            [
                0.9999957084655762,
                0.0017408414278179407,
                0.0023595402017235756,
                -0.1252899020910263
            ],
            [
                -0.001727886265143752,
                0.999983549118042,
                -0.005481461528688669,
                0.32269805669784546
            ],
            [
                -0.0023690431844443083,
                0.005477359984070063,
                0.9999822378158569,
                1.601632833480835
            ],
            [
                -3.6475183984308046e-11,
                -7.274253421840626e-11,
                -3.5835654443872045e-09,
                1.0
            ]
        ],
        "K0": [
            [
                1708.4200439453125,
                0.0,
                800.0
            ],
            [
                0.0,
                1708.739990234375,
                591.5
            ],
            [
                0.0,
                0.0,
                1.0
            ]
        ],
        "K1": [
            [
                1717.8499755859375,
                0.0,
                800.0
            ],
            [
                0.0,
                1717.5899658203125,
                588.5
            ],
            [
                0.0,
                0.0,
                1.0
            ]
        ],
        "scale0": [
            1.3513513803482056,
            1.3692129850387573
        ],
        "scale1": [
            1.3513513803482056,
            1.3622685670852661
        ],
        "dataset_name": "MegaDepth",
        "scene_id": "0015_0",
        "pair_id": 2,
        "pair_names": [
            "Undistorted_SfM/0015/images/2695220557_acffd8b032_o.jpg",
            "Undistorted_SfM/0015/images/2073853679_f35bb29c49_o.jpg"
        ],
        "size0_hw": [
            864,
            1184
        ],
        "size1_hw": [
            864,
            1184
        ]
    },
    {
        "image0": null,
        "image1": null,
        "T_0to1": [
            [
                0.9980221390724182,
                -0.022565126419067383,
                -0.05867426097393036,
                -0.3624925911426544
            ],
            [
                0.026006152853369713,
                0.9979450702667236,
                0.05855988338589668,
                0.05922678858041763
            ],
            [
                0.05723227933049202,
                -0.0599699504673481,
                0.9965581297874451,
                1.1119650602340698
            ],
            [
                0.0,
                0.0,
                0.0,
                1.0
            ]
        ],
        "T_1to0": [
            [
                0.9980220198631287,
                0.026006154716014862,
                0.05723227187991142,
                0.2965950667858124
            ],
            [
                -0.022565126419067383,
                0.9979451894760132,
                -0.0599699504673481,
                -0.0006002926966175437
            ],
            [
                -0.05867425352334976,
                0.05855988338589668,
                0.9965580701828003,
                -1.1328749656677246
            ],
            [
                -2.8356916814686883e-10,
                5.714089201802608e-10,
                -1.963151419204223e-09,
                1.0
            ]
        ],
        "K0": [
            [
                1731.93994140625,
                0.0,
                589.5
            ],
            [
                0.0,
                1731.6400146484375,
                800.0
            ],
            [
                0.0,
                0.0,
                1.0
            ]
        ],
        "K1": [
            [
                2008.6300048828125,
                0.0,
                800.0
            ],
            [
                0.0,
                2009.1199951171875,
                594.5
            ],
            [
                0.0,
                0.0,
                1.0
            ]
        ],
        "scale0": [
            1.3645833730697632,
            1.3513513803482056
        ],
        "scale1": [
            1.3513513803482056,
            1.3761574029922485
        ],
        "dataset_name": "MegaDepth",
        "scene_id": "0015_0",
        "pair_id": 3,
        "pair_names": [
            "Undistorted_SfM/0015/images/2144101292_2e7ddae58e_o.jpg",
            "Undistorted_SfM/0015/images/2979505208_68bf32c5c6_o.jpg"
        ],
        "size0_hw": [
            1184,
            864
        ],
        "size1_hw": [
            864,
            1184
        ]
    },
    {
        "image0": null,
        "image1": null,
        "T_0to1": [
            [
                0.995559573173523,
                0.06580915302038193,
                0.06730729341506958,
                -0.13963717222213745
            ],
            [
                -0.05021311715245247,
                0.9760611653327942,
                -0.21162058413028717,
                0.14017954468727112
            ],
            [
                -0.07962260395288467,
                0.20730118453502655,
                0.9750314950942993,
                2.6266088485717773
            ],
            [
                0.0,
                0.0,
                0.0,
                1.0
            ]
        ],
        "T_1to0": [
            [
                0.995559573173523,
                -0.05021311342716217,
                -0.07962261140346527,
                0.35519346594810486
            ],
            [
                0.06580915302038193,
                0.9760611653327942,
                0.20730119943618774,
                -0.6721336841583252
            ],
            [
                0.06730730086565018,
                -0.21162059903144836,
                0.9750315546989441,
                -2.521963357925415
            ],
            [
                -6.758533732664773e-10,
                -4.844507017764954e-10,
                8.742789603388701e-09,
                1.0
            ]
        ],
        "K0": [
            [
                3489.60009765625,
                0.0,
                800.0
            ],
            [
                0.0,
                3488.52001953125,
                534.0
            ],
            [
                0.0,
                0.0,
                1.0
            ]
        ],
        "K1": [
            [
                2117.929931640625,
                0.0,
                800.0
            ],
            [
                0.0,
                2118.77001953125,
                598.0
            ],
            [
                0.0,
                0.0,
                1.0
            ]
        ],
        "scale0": [
            1.3513513803482056,
            1.3350000381469727
        ],
        "scale1": [
            1.3513513803482056,
            1.3348214626312256
        ],
        "dataset_name": "MegaDepth",
        "scene_id": "0015_0",
        "pair_id": 4,
        "pair_names": [
            "Undistorted_SfM/0015/images/3016357975_e207c12959_o.jpg",
            "Undistorted_SfM/0015/images/62689091_76cdd0858b_o.jpg"
        ],
        "size0_hw": [
            800,
            1184
        ],
        "size1_hw": [
            896,
            1184
        ]
    },
    {
        "image0": null,
        "image1": null,
        "T_0to1": [
            [
                0.9974406361579895,
                -0.03296319395303726,
                -0.06344761699438095,
                0.3290860950946808
            ],
            [
                0.03106958419084549,
                0.9990485906600952,
                -0.030604250729084015,
                -0.4745195209980011
            ],
            [
                0.06439606845378876,
                0.028554631397128105,
                0.9975157976150513,
                -2.044772148132324
            ],
            [
                0.0,
                0.0,
                0.0,
                1.0
            ]
        ],
        "T_1to0": [
            [
                0.9974406957626343,
                0.03106958605349064,
                0.06439606845378876,
                -0.1818254441022873
            ],
            [
                -0.03296319767832756,
                0.9990485906600952,
                0.028554633259773254,
                0.5433035492897034
            ],
            [
                -0.06344762444496155,
                -0.030604248866438866,
                0.9975157976150513,
                2.0460498332977295
            ],
            [
                -1.550006345496513e-09,
                2.4205348836403573e-10,
                1.0377334547229111e-09,
                1.0
            ]
        ],
        "K0": [
            [
                3983.820068359375,
                0.0,
                780.0
            ],
            [
                0.0,
                3983.820068359375,
                585.0
            ],
            [
                0.0,
                0.0,
                1.0
            ]
        ],
        "K1": [
            [
                2473.909912109375,
                0.0,
                783.5
            ],
            [
                0.0,
                2473.909912109375,
                572.5
            ],
            [
                0.0,
                0.0,
                1.0
            ]
        ],
        "scale0": [
            1.3175675868988037,
            1.3058035373687744
        ],
        "scale1": [
            1.3234797716140747,
            1.3252314329147339
        ],
        "dataset_name": "MegaDepth",
        "scene_id": "0015_0",
        "pair_id": 5,
        "pair_names": [
            "Undistorted_SfM/0015/images/2297788512_6d09de6efa_o.jpg",
            "Undistorted_SfM/0015/images/479605349_8aa68e066d_o.jpg"
        ],
        "size0_hw": [
            896,
            1184
        ],
        "size1_hw": [
            864,
            1184
        ]
    },
    {
        "image0": null,
        "image1": null,
        "T_0to1": [
            [
                0.9584492444992065,
                -0.06988462060689926,
                -0.2765703797340393,
                3.0478670597076416
            ],
            [
                0.03818207234144211,
                0.992231547832489,
                -0.11840076744556427,
                0.08855050802230835
            ],
            [
                0.2826962471008301,
                0.10292109847068787,
                0.9536718726158142,
                0.32112929224967957
            ],
            [
                0.0,
                0.0,
                0.0,
                1.0
            ]
        ],
        "T_1to0": [
            [
                0.9584491848945618,
                0.03818207606673241,
                0.2826962471008301,
                -3.0153889656066895
            ],
            [
                -0.06988462060689926,
                0.9922314882278442,
                0.10292109847068787,
                0.09208545088768005
            ],
            [
                -0.2765703797340393,
                -0.11840076744556427,
                0.953671932220459,
                0.5471822619438171
            ],
            [
                3.8025042670142284e-08,
                -8.091428638223874e-10,
                2.515761821086926e-09,
                0.9999999403953552
            ]
        ],
        "K0": [
            [
                1709.4300537109375,
                0.0,
                591.5
            ],
            [
                0.0,
                1709.780029296875,
                800.0
            ],
            [
                0.0,
                0.0,
                1.0
            ]
        ],
        "K1": [
            [
                1732.5899658203125,
                0.0,
                800.0
            ],
            [
                0.0,
                1732.3599853515625,
                528.5
            ],
            [
                0.0,
                0.0,
                1.0
            ]
        ],
        "scale0": [
            1.3692129850387573,
            1.3513513803482056
        ],
        "scale1": [
            1.3513513803482056,
            1.3763021230697632
        ],
        "dataset_name": "MegaDepth",
        "scene_id": "0015_0",
        "pair_id": 6,
        "pair_names": [
            "Undistorted_SfM/0015/images/2959733121_2a804e7d1c_o.jpg",
            "Undistorted_SfM/0015/images/3116080871_8b1a976270_o.jpg"
        ],
        "size0_hw": [
            1184,
            864
        ],
        "size1_hw": [
            768,
            1184
        ]
    },
    {
        "image0": null,
        "image1": null,
        "T_0to1": [
            [
                0.9982706308364868,
                0.014315113425254822,
                0.0570165254175663,
                0.6182551383972168
            ],
            [
                -0.011628837324678898,
                0.9988191723823547,
                -0.0471702478826046,
                -0.45530790090560913
            ],
            [
                -0.0576244480907917,
                0.04642563313245773,
                0.9972583055496216,
                -2.533482074737549
            ],
            [
                0.0,
                0.0,
                0.0,
                1.0
            ]
        ],
        "T_1to0": [
            [
                0.998270571231842,
                -0.011628835462033749,
                -0.057624440640211105,
                -0.7684710621833801
            ],
            [
                0.014315113425254822,
                0.99881911277771,
                0.046425629407167435,
                0.5635383725166321
            ],
            [
                0.0570165179669857,
                -0.047170236706733704,
                0.997258186340332,
                2.4698078632354736
            ],
            [
                6.175693290089157e-11,
                1.8324053385754269e-10,
                4.1460168631601846e-09,
                1.0
            ]
        ],
        "K0": [
            [
                2239.68994140625,
                0.0,
                777.0
            ],
            [
                0.0,
                2239.68994140625,
                518.0
            ],
            [
                0.0,
                0.0,
                1.0
            ]
        ],
        "K1": [
            [
                2201.89990234375,
                0.0,
                797.0
            ],
            [
                0.0,
                2201.89990234375,
                597.5
            ],
            [
                0.0,
                0.0,
                1.0
            ]
        ],
        "scale0": [
            1.3125,
            1.2949999570846558
        ],
        "scale1": [
            1.3462837934494019,
            1.3337053060531616
        ],
        "dataset_name": "MegaDepth",
        "scene_id": "0015_0",
        "pair_id": 7,
        "pair_names": [
            "Undistorted_SfM/0015/images/2150679996_fd2cd6339e_o.jpg",
            "Undistorted_SfM/0015/images/330736595_6ee3e97748_o.jpg"
        ],
        "size0_hw": [
            800,
            1184
        ],
        "size1_hw": [
            896,
            1184
        ]
    },
    {
        "image0": null,
        "image1": null,
        "T_0to1": [
            [
                0.9945919513702393,
                -0.001252356101758778,
                0.10385248064994812,
                0.18127411603927612
            ],
            [
                -0.0170762799680233,
                0.9843475222587585,
                0.1754092276096344,
                -1.1685277223587036
            ],
            [
                -0.10244660079479218,
                -0.17623402178287506,
                0.9790027141571045,
                -3.4089443683624268
            ],
            [
                0.0,
                0.0,
                0.0,
                1.0
            ]
        ],
        "T_1to0": [
            [
                0.9945919513702393,
                -0.017076285555958748,
                -0.10244660079479218,
                -0.5494826436042786
            ],
            [
                -0.0012523543555289507,
                0.9843474626541138,
                -0.17623400688171387,
                0.5496924519538879
            ],
            [
                0.10385247319936752,
                0.17540928721427917,
                0.9790026545524597,
                3.523510456085205
            ],
            [
                -9.471842199459957e-10,
                5.0179447264042665e-09,
                -1.2391812909129385e-08,
                1.0
            ]
        ],
        "K0": [
            [
                2447.949951171875,
                0.0,
                799.5
            ],
            [
                0.0,
                2447.949951171875,
                532.5
            ],
            [
                0.0,
                0.0,
                1.0
            ]
        ],
        "K1": [
            [
                1709.4300537109375,
                0.0,
                591.5
            ],
            [
                0.0,
                1709.780029296875,
                800.0
            ],
            [
                0.0,
                0.0,
                1.0
            ]
        ],
        "scale0": [
            1.3505067825317383,
            1.38671875
        ],
        "scale1": [
            1.3692129850387573,
            1.3513513803482056
        ],
        "dataset_name": "MegaDepth",
        "scene_id": "0015_0",
        "pair_id": 8,
        "pair_names": [
            "Undistorted_SfM/0015/images/519495813_f5888bacef_o.jpg",
            "Undistorted_SfM/0015/images/2959733121_2a804e7d1c_o.jpg"
        ],
        "size0_hw": [
            768,
            1184
        ],
        "size1_hw": [
            1184,
            864
        ]
    },
    {
        "image0": null,
        "image1": null,
        "T_0to1": [
            [
                0.9944891333580017,
                0.00039974116953089833,
                0.10483920574188232,
                0.3722692131996155
            ],
            [
                0.006319554056972265,
                0.9979457855224609,
                -0.06375141441822052,
                -0.30197572708129883
            ],
            [
                -0.10464932769536972,
                0.06406262516975403,
                0.9924436807632446,
                -2.158414602279663
            ],
            [
                0.0,
                0.0,
                0.0,
                1.0
            ]
        ],
        "T_1to0": [
            [
                0.9944891333580017,
                0.0063195545226335526,
                -0.10464932769536972,
                -0.594186007976532
            ],
            [
                0.0003997411986347288,
                0.9979458451271057,
                0.06406262516975403,
                0.4394803047180176
            ],
            [
                0.10483921319246292,
                -0.06375142186880112,
                0.9924437403678894,
                2.0838253498077393
            ],
            [
                -6.338920499615597e-10,
                3.60842911106829e-10,
                -1.0157357621665142e-08,
                0.9999999403953552
            ]
        ],
        "K0": [
            [
                2239.68994140625,
                0.0,
                777.0
            ],
            [
                0.0,
                2239.68994140625,
                518.0
            ],
            [
                0.0,
                0.0,
                1.0
            ]
        ],
        "K1": [
            [
                1635.02001953125,
                0.0,
                800.0
            ],
            [
                0.0,
                1634.5899658203125,
                591.0
            ],
            [
                0.0,
                0.0,
                1.0
            ]
        ],
        "scale0": [
            1.3125,
            1.2949999570846558
        ],
        "scale1": [
            1.3513513803482056,
            1.3680555820465088
        ],
        "dataset_name": "MegaDepth",
        "scene_id": "0015_0",
        "pair_id": 9,
        "pair_names": [
            "Undistorted_SfM/0015/images/2150679996_fd2cd6339e_o.jpg",
            "Undistorted_SfM/0015/images/310129573_eb686a9dc1_o.jpg"
        ],
        "size0_hw": [
            800,
            1184
        ],
        "size1_hw": [
            864,
            1184
        ]
    },
    {
        "image0": null,
        "image1": null,
        "T_0to1": [
            [
                0.992376446723938,
                -0.004578652326017618,
                -0.12315865606069565,
                0.8228005766868591
            ],
            [
                0.007332317531108856,
                0.9997329711914062,
                0.021914739161729813,
                -0.21377529203891754
            ],
            [
                0.12302542477846146,
                -0.022650709375739098,
                0.9921450018882751,
                -1.5708746910095215
            ],
            [
                0.0,
                0.0,
                0.0,
                1.0
            ]
        ],
        "T_1to0": [
            [
                0.9923763871192932,
                0.007332316599786282,
                0.12302543222904205,
                -0.6217028498649597
            ],
            [
                -0.0045786513946950436,
                0.9997328519821167,
                -0.022650709375739098,
                0.18190407752990723
            ],
            [
                -0.12315864861011505,
                0.021914735436439514,
                0.9921450018882751,
                1.664555311203003
            ],
            [
                2.1523884896623713e-09,
                2.878586258248106e-11,
                -1.7628543957926013e-08,
                1.0
            ]
        ],
        "K0": [
            [
                2286.06005859375,
                0.0,
                800.0
            ],
            [
                0.0,
                2285.3798828125,
                596.0
            ],
            [
                0.0,
                0.0,
                1.0
            ]
        ],
        "K1": [
            [
                1611.8800048828125,
                0.0,
                778.0
            ],
            [
                0.0,
                1611.8800048828125,
                583.5
            ],
            [
                0.0,
                0.0,
                1.0
            ]
        ],
        "scale0": [
            1.3513513803482056,
            1.3796296119689941
        ],
        "scale1": [
            1.3141891956329346,
            1.3024553060531616
        ],
        "dataset_name": "MegaDepth",
        "scene_id": "0015_0",
        "pair_id": 10,
        "pair_names": [
            "Undistorted_SfM/0015/images/3968509319_096d953be0_o.jpg",
            "Undistorted_SfM/0015/images/3480265591_02fd1d7f7e_o.jpg"
        ],
        "size0_hw": [
            864,
            1184
        ],
        "size1_hw": [
            896,
            1184
        ]
    },
    {
        "image0": null,
        "image1": null,
        "T_0to1": [
            [
                0.9863656759262085,
                0.013937197625637054,
                0.16397725045681,
                -1.9793436527252197
            ],
            [
                -0.025592466816306114,
                0.997275710105896,
                0.06918215751647949,
                -0.057856641709804535
            ],
            [
                -0.16256633400917053,
                -0.07243549078702927,
                0.9840351939201355,
                -0.18599848449230194
            ],
            [
                0.0,
                0.0,
                0.0,
                1.0
            ]
        ],
        "T_1to0": [
            [
                0.9863656759262085,
                -0.025592466816306114,
                -0.16256631910800934,
                1.9206387996673584
            ],
            [
                0.013937198556959629,
                0.997275710105896,
                -0.07243549078702927,
                0.07181263715028763
            ],
            [
                0.1639772653579712,
                0.06918217241764069,
                0.9840352535247803,
                0.511599063873291
            ],
            [
                4.856627100480182e-09,
                1.7844598021454772e-10,
                3.113956648093108e-09,
                1.0
            ]
        ],
        "K0": [
            [
                1718.239990234375,
                0.0,
                800.0
            ],
            [
                0.0,
                1718.8399658203125,
                521.0
            ],
            [
                0.0,
                0.0,
                1.0
            ]
        ],
        "K1": [
            [
                2406.7900390625,
                0.0,
                800.0
            ],
            [
                0.0,
                2407.35009765625,
                528.5
            ],
            [
                0.0,
                0.0,
                1.0
            ]
        ],
        "scale0": [
            1.3513513803482056,
            1.3567708730697632
        ],
        "scale1": [
            1.3513513803482056,
            1.3763021230697632
        ],
        "dataset_name": "MegaDepth",
        "scene_id": "0015_0",
        "pair_id": 11,
        "pair_names": [
            "Undistorted_SfM/0015/images/275487465_7c3950ece9_o.jpg",
            "Undistorted_SfM/0015/images/2417420544_35c5823b26_o.jpg"
        ],
        "size0_hw": [
            768,
            1184
        ],
        "size1_hw": [
            768,
            1184
        ]
    },
    {
        "image0": null,
        "image1": null,
        "T_0to1": [
            [
                0.9908055067062378,
                0.00670792069286108,
                0.13512767851352692,
                -2.1026837825775146
            ],
            [
                -0.03056730516254902,
                0.9840437173843384,
                0.1752813756465912,
                -0.7700899243354797
            ],
            [
                -0.13179577887058258,
                -0.1778002381324768,
                0.9752009510993958,
                -3.0921356678009033
            ],
            [
                0.0,
                0.0,
                0.0,
                1.0
            ]
        ],
        "T_1to0": [
            [
                0.990805447101593,
                -0.030567312613129616,
                -0.13179577887058258,
                1.6522804498672485
            ],
            [
                0.006707952357828617,
                0.9840437173843384,
                -0.1778002381324768,
                0.22212433815002441
            ],
            [
                0.1351277083158493,
                0.1752813756465912,
                0.9752010107040405,
                3.4345669746398926
            ],
            [
                -1.3128953924024245e-08,
                -3.850984420239456e-09,
                2.248189190368066e-09,
                0.9999999403953552
            ]
        ],
        "K0": [
            [
                2152.93994140625,
                0.0,
                531.0
            ],
            [
                0.0,
                2153.739990234375,
                800.0
            ],
            [
                0.0,
                0.0,
                1.0
            ]
        ],
        "K1": [
            [
                1635.0,
                0.0,
                800.0
            ],
            [
                0.0,
                1635.5999755859375,
                588.0
            ],
            [
                0.0,
                0.0,
                1.0
            ]
        ],
        "scale0": [
            1.3828125,
            1.3513513803482056
        ],
        "scale1": [
            1.3513513803482056,
            1.3611111640930176
        ],
        "dataset_name": "MegaDepth",
        "scene_id": "0015_0",
        "pair_id": 12,
        "pair_names": [
            "Undistorted_SfM/0015/images/3017173460_ab03751ac5_o.jpg",
            "Undistorted_SfM/0015/images/1479060879_85841216d3_o.jpg"
        ],
        "size0_hw": [
            1184,
            768
        ],
        "size1_hw": [
            864,
            1184
        ]
    },
    {
        "image0": null,
        "image1": null,
        "T_0to1": [
            [
                0.9919761419296265,
                0.010390738025307655,
                0.1259973645210266,
                -1.4161818027496338
            ],
            [
                -0.018075495958328247,
                0.9980345368385315,
                0.0600024051964283,
                -0.29459789395332336
            ],
            [
                -0.12512625753879547,
                -0.061798419803380966,
                0.9902142882347107,
                -1.0255991220474243
            ],
            [
                0.0,
                0.0,
                0.0,
                1.0
            ]
        ],
        "T_1to0": [
            [
                0.9919761419296265,
                -0.018075495958328247,
                -0.12512625753879547,
                1.2711642980575562
            ],
            [
                0.010390750132501125,
                0.9980345964431763,
                -0.06179842725396156,
                0.24535366892814636
            ],
            [
                0.12599730491638184,
                0.0600024051964283,
                0.9902143478393555,
                1.2116748094558716
            ],
            [
                -1.655770631714404e-08,
                4.3378278746786236e-10,
                7.71782104891372e-09,
                1.0
            ]
        ],
        "K0": [
            [
                2446.469970703125,
                0.0,
                637.5
            ],
            [
                0.0,
                2446.469970703125,
                478.0
            ],
            [
                0.0,
                0.0,
                1.0
            ]
        ],
        "K1": [
            [
                3537.330078125,
                0.0,
                794.5
            ],
            [
                0.0,
                3537.330078125,
                596.0
            ],
            [
                0.0,
                0.0,
                1.0
            ]
        ],
        "scale0": [
            1.0768581628799438,
            1.0669642686843872
        ],
        "scale1": [
            1.3420608043670654,
            1.3303571939468384
        ],
        "dataset_name": "MegaDepth",
        "scene_id": "0015_0",
        "pair_id": 13,
        "pair_names": [
            "Undistorted_SfM/0015/images/205993994_6969ba4619_o.jpg",
            "Undistorted_SfM/0015/images/2960579238_7ba551628b_o.jpg"
        ],
        "size0_hw": [
            896,
            1184
        ],
        "size1_hw": [
            896,
            1184
        ]
    },
    {
        "image0": null,
        "image1": null,
        "T_0to1": [
            [
                0.9964893460273743,
                -0.01819298043847084,
                0.08171898126602173,
                -0.01616763509809971
            ],
            [
                0.018182262778282166,
                0.9998342990875244,
                0.000875363068189472,
                0.15590575337409973
            ],
            [
                -0.08172136545181274,
                0.000613546057138592,
                0.9966550469398499,
                0.815963625907898
            ],
            [
                0.0,
                0.0,
                0.0,
                1.0
            ]
        ],
        "T_1to0": [
            [
                0.9964893460273743,
                0.018182260915637016,
                -0.08172136545181274,
                0.07995782047510147
            ],
            [
                -0.01819297857582569,
                0.9998342394828796,
                0.0006135459407232702,
                -0.15667468309402466
            ],
            [
                0.08171898126602173,
                0.0008753629517741501,
                0.9966549873352051,
                -0.8120495080947876
            ],
            [
                0.0,
                0.0,
                0.0,
                1.0
            ]
        ],
        "K0": [
            [
                2232.409912109375,
                0.0,
                792.5
            ],
            [
                0.0,
                2232.409912109375,
                511.5
            ],
            [
                0.0,
                0.0,
                1.0
            ]
        ],
        "K1": [
            [
                2842.6298828125,
                0.0,
                793.5
            ],
            [
                0.0,
                2842.6298828125,
                595.0
            ],
            [
                0.0,
                0.0,
                1.0
            ]
        ],
        "scale0": [
            1.3386824131011963,
            1.33203125
        ],
        "scale1": [
            1.3403716087341309,
            1.328125
        ],
